train_bde_mean= 89.18974212034384
train_bde_std= 11.948463047027452
train_qm_mean= 87.43289398280801
train_qm_std= 12.315849798368339
